K = 2
            valid_responses = [-1, 1]

            items = [
                Item([0.0, 0.0, 1.0, 3.0], 0),
                Item([0.0, 0.0, 1.0, -3.0], 1),
                Item([10.0, 0.0, 0.0, 1.0], 2),
                Item([-10.0, 0.0, 0.0, 1.0], 3),
                Item([-10.0, 0.0, 1.0, 0.0], 4),
                # Item([1.0, 0.0, 0.0, -1.0], 5),
                # Item([0.0, 0.0, 1.0, 1.0], 4),
                # Item([0.0, 0.0, 1.0, -1.0], 5)

            ]
            # num_features = 2

            B_mat_a = np.array([[1.0, 0.0, 0.0, 0.0],
                                [0.0, 1.0, 0.0, 0.0],
                                [0.0, 0.0, 1.0, 0.0],
                                [0.0, 0.0, 0.0, 1.0],
                                [-1.0, 0.0, 0.0, 0.0],
                                [0.0, -1.0, 0.0, 0.0],
                                [0.0, 0.0, -1.0, 0.0],
                                [0.0, 0.0, 0.0, -1.0]])

            b_vec_a = np.squeeze(np.array([[-1.0],
                                           [-1.0],
                                           [1.0],
                                           [-1.0],
                                           [-1.0],
                                           [-1.0],
                                           [-1.0],
                                           [-1.0]]))